[Satellite]
SatelliteTime = 1640966400000

[J2000Inertial]
Rx = 6678136.9999998566
Ry = 0.0002095685
Rz = -1.3800009224

Vx = 0.0007615644
Vy = 6789.5304738682
Vz = 3686.4138485846

[OrbitElement]
a = 6678137
e = 0
i = 28.5
RAAN = 0
omega = 0
M = 0

[Omega_b]
Wx = 0.05
Wy = -0.04
Wz = 0.01

[Qib]
Q0 = 1
Q1 = 0
Q2 = 0
Q3 = 0

[SatInaMat]
Jxx = 30
Jyy = 40
Jzz = 50
Jxy = 0
Jxz = 0
Jyz = 0

[Mag]
MagOrder = 12